"time" "cases" "cases1" "cases2" "cases3"
"1" 1 3684 2882 628 174
"2" 2 8351 7032 851 468
"3" 3 13626 11416 1410 800
"4" 4 21264 17811 2237 1216
"5" 5 21223 17805 2644 774
"6" 6 23807 20446 2435 926
"7" 7 25657 22028 2697 932
"8" 8 26917 22677 2923 1317
"9" 9 30358 25356 3754 1248
"10" 10 38963 33056 4609 1298
"11" 11 44489 37888 4920 1681
"12" 12 44661 36126 5274 3261
"13" 13 40815 33254 5335 2226
"14" 14 36917 29879 5289 1749
"15" 15 32144 26360 3951 1833
"16" 16 27042 22448 3496 1098
"17" 17 29265 23807 4147 1311
"18" 18 22870 18319 3218 1333
"19" 19 23881 19428 3128 1325
"20" 20 20682 16354 3126 1202
"21" 21 16225 12086 2504 1635
"22" 22 16070 12807 2140 1123
"23" 23 10549 8742 1219 588
"24" 24 11468 9259 1565 644
"25" 25 9996 7649 1759 588
"26" 26 9344 7051 1380 913
"27" 27 7607 5735 1347 525
"28" 28 5933 4535 1121 277
"29" 29 4608 3714 787 107
"30" 30 4065 2919 762 384
"31" 31 3981 2769 942 270
"32" 32 4133 3112 674 347
"33" 33 3774 2195 803 776
"34" 34 3463 2507 705 251
"35" 35 3515 2625 692 198
"36" 36 3781 2558 1000 223
"37" 37 2974 2246 586 142
"38" 38 3320 2388 702 230
"39" 39 3610 2758 624 228
"40" 40 3878 2759 816 303
"41" 41 3523 2427 707 389
"42" 42 3768 2384 944 440
"43" 43 3713 2410 1028 275
"44" 44 4103 2738 821 544
"45" 45 4464 3151 1031 282
"46" 46 5771 4160 974 637
"47" 47 6299 4860 1088 351
"48" 48 9159 7172 1476 511
"49" 49 9455 7914 1130 411
"50" 50 9970 8151 1326 493
"51" 51 12737 10586 1651 500
"52" 52 8027 6923 800 304
"53" 53 14254 12224 1263 767
"54" 54 19301 16432 2063 806
"55" 55 23683 18892 3110 1681
"56" 56 32028 27209 3384 1435
"57" 57 34209 28754 4276 1179
"58" 58 32922 27668 3837 1417
"59" 59 32599 27775 3645 1179
"60" 60 35056 29530 4142 1384
"61" 61 35098 29105 4277 1716
"62" 62 34992 28737 4390 1865
"63" 63 36989 29368 5007 2614
"64" 64 35552 29339 4345 1868
"65" 65 28357 22876 3823 1658
"66" 66 26801 21840 3540 1421
"67" 67 31728 25456 4126 2146
"68" 68 36597 29748 4772 2077
"69" 69 36788 28244 6028 2516
"70" 70 30466 23274 4732 2460
"71" 71 24013 18751 3390 1872
"72" 72 22818 17667 3637 1514
"73" 73 13776 10160 2640 976
"74" 74 11723 8767 2023 933
"75" 75 11530 8607 1874 1049
"76" 76 9454 6389 2298 767
"77" 77 7263 4991 1544 728
"78" 78 5921 3726 1572 623
"79" 79 5023 3165 1097 761
"80" 80 4919 2567 1537 815
"81" 81 4811 2353 1232 1226
"82" 82 4810 2012 1291 1507
"83" 83 3946 1872 1360 714
"84" 84 3226 1593 1126 507
"85" 85 3907 2051 1263 593
"86" 86 3630 1686 1454 490
"87" 87 4100 1875 1669 556
"88" 88 2788 1384 1025 379
"89" 89 4399 2174 1621 604
"90" 90 4256 2256 1356 644
"91" 91 3795 2141 1156 498
"92" 92 3465 2032 1028 405
"93" 93 4087 2577 1177 333
"94" 94 4348 2787 1086 475
"95" 95 5098 3053 1335 710
"96" 96 5013 3176 1404 433
"97" 97 5676 3446 1579 651
"98" 98 5361 3047 1665 649
"99" 99 6303 4276 1231 796
"100" 100 6801 4879 1219 703
"101" 101 6326 4519 1172 635
"102" 102 6660 5010 1010 640
"103" 103 8628 6902 1210 516
"104" 104 5665 4279 728 658
"105" 105 9113 7661 1006 446
"106" 106 11630 9379 1502 749
"107" 107 14302 11577 1799 926
"108" 108 21043 17401 2660 982
"109" 109 24560 21023 2395 1142
"110" 110 26234 22040 2987 1207
"111" 111 27755 22630 3636 1489
"112" 112 32340 26628 3912 1800
"113" 113 35881 28858 4002 3021
"114" 114 37686 30139 4923 2624
"115" 115 36358 28511 4496 3351
"116" 116 35966 28475 4465 3026
"117" 117 37383 29698 4760 2925
"118" 118 38422 30969 5033 2420
"119" 119 36458 28644 5542 2272
"120" 120 33181 25879 4551 2751
"121" 121 31815 24895 3693 3227
"122" 122 29556 22033 3800 3723
"123" 123 28270 21582 4537 2151
"124" 124 21650 15186 3908 2556
"125" 125 15139 10948 2842 1349
"126" 126 10433 7821 1758 854
"127" 127 9727 6693 2325 709
"128" 128 5352 3753 1205 394
"129" 129 4226 2921 938 367
"130" 130 3715 2480 989 246
"131" 131 3401 2100 938 363
"132" 132 2381 1135 984 262
"133" 133 2747 1665 779 303
"134" 134 2156 1249 526 381
"135" 135 1849 1044 556 249
"136" 136 1576 1021 337 218
"137" 137 1492 896 412 184
"138" 138 1730 1061 521 148
"139" 139 2179 1274 640 265
"140" 140 2057 1375 508 174
"141" 141 2206 1506 482 218
"142" 142 2460 1623 591 246
"143" 143 1862 1248 365 249
"144" 144 2206 1623 487 96
"145" 145 2323 1760 415 148
"146" 146 3073 2207 697 169
"147" 147 3450 2500 612 338
"148" 148 3408 2328 798 282
"149" 149 4322 3362 504 456
"150" 150 4242 3409 553 280
"151" 151 5593 4451 800 342
"152" 152 6536 5108 928 500
"153" 153 6280 4854 939 487
"154" 154 6573 4854 992 727
"155" 155 8107 6426 1158 523
"156" 156 4525 3542 644 339
"157" 157 5955 4749 931 275
"158" 158 7935 6500 868 567
"159" 159 11107 9000 1370 737
"160" 160 12726 9948 1626 1152
"161" 161 15083 11537 1846 1700
"162" 162 16381 12855 1721 1805
"163" 163 17599 13839 2565 1195
"164" 164 19148 15626 2583 939
"165" 165 21249 16247 3019 1983
"166" 166 27362 20353 3577 3432
"167" 167 31806 23849 4874 3083
"168" 168 31255 24134 4326 2795
"169" 169 31882 24856 4016 3010
"170" 170 30904 22216 4742 3946
"171" 171 25490 19575 3640 2275
"172" 172 25284 19551 3854 1879
"173" 173 26407 20239 3800 2368
"174" 174 25356 18221 4003 3132
"175" 175 21412 15793 3054 2565
"176" 176 18487 13519 3277 1691
"177" 177 12395 8947 2239 1209
"178" 178 12540 9273 2265 1002
"179" 179 9724 7803 1279 642
"180" 180 9666 6868 1621 1177
"181" 181 9271 5635 1554 2082
"182" 182 5394 4142 840 412
"183" 183 3902 2700 762 440
"184" 184 3479 2458 809 212
"185" 185 3818 2805 783 230
"186" 186 3137 2184 723 230
"187" 187 2695 1865 576 254
"188" 188 1595 914 446 235
"189" 189 1478 824 503 151
"190" 190 1630 1047 456 127
"191" 191 1993 1126 649 218
"192" 192 1859 1049 691 119
"193" 193 2415 1577 633 205
"194" 194 3106 1547 1239 320
"195" 195 3198 1975 839 384
"196" 196 2812 1742 800 270
"197" 197 3237 2211 635 391
"198" 198 3009 2060 612 337
"199" 199 3232 2028 918 286
"200" 200 3362 2270 863 229
"201" 201 3185 2032 902 251
"202" 202 3699 2352 814 533
"203" 203 4355 2851 830 674
"204" 204 4144 3042 925 177
"205" 205 5097 3662 1060 375
"206" 206 6312 4812 970 530
"207" 207 7481 5909 1048 524
"208" 208 8325 6997 956 372
"209" 209 7412 5685 1131 596
"210" 210 10796 8343 1261 1192
"211" 211 12687 10310 1670 707
"212" 212 15279 12367 1993 919
"213" 213 17382 14715 1875 792
"214" 214 20745 17558 2374 813
"215" 215 25163 21352 2512 1299
"216" 216 26836 22058 3417 1361
"217" 217 28870 23639 3122 2109
"218" 218 30965 25512 3615 1838
"219" 219 34400 27804 4531 2065
"220" 220 29747 24508 3595 1644
"221" 221 27950 22865 3433 1652
"222" 222 26155 19798 3719 2638
"223" 223 28090 21953 3964 2173
"224" 224 27860 21619 3956 2285
"225" 225 24479 19108 3707 1664
"226" 226 18527 14452 2885 1190
"227" 227 17502 12435 3294 1773
"228" 228 13217 9407 2443 1367
"229" 229 12384 9345 2138 901
"230" 230 11473 8850 1814 809
"231" 231 8826 6172 1740 914
"232" 232 8369 5448 1707 1214
"233" 233 6844 4798 1339 707
"234" 234 5937 4147 1264 526
"235" 235 3391 2343 739 309
"236" 236 2953 1756 634 563
"237" 237 2742 1638 603 501
"238" 238 2629 1439 656 534
"239" 239 2250 1158 591 501
"240" 240 2001 1018 587 396
"241" 241 2042 1283 555 204
"242" 242 2083 929 809 345
"243" 243 2851 1631 714 506
"244" 244 1914 1215 539 160
"245" 245 2044 1000 629 415
"246" 246 1958 1166 529 263
"247" 247 1772 1143 440 189
"248" 248 1670 1082 396 192
"249" 249 1813 1218 402 193
"250" 250 2227 1222 714 291
"251" 251 2033 1373 468 192
"252" 252 2077 1370 463 244
"253" 253 2931 2050 643 238
"254" 254 3231 1768 849 614
"255" 255 3286 2149 658 479
"256" 256 4247 2966 854 427
"257" 257 5157 3926 854 377
"258" 258 7397 5254 1646 497
"259" 259 8683 6727 1188 768
"260" 260 6833 5352 932 549
"261" 261 8397 6400 1409 588
"262" 262 13652 9332 1936 2384
"263" 263 17500 13492 2237 1771
"264" 264 21093 16403 2686 2004
"265" 265 26740 19912 3993 2835
"266" 266 34149 26225 4409 3515
"267" 267 38589 30307 5283 2999
"268" 268 42500 33778 6201 2521
"269" 269 40398 31695 5988 2715
"270" 270 50886 37435 8214 5237
"271" 271 49758 35315 8443 6000
"272" 272 50483 36493 8931 5059
"273" 273 47398 34366 7212 5820
"274" 274 40770 27703 7465 5602
"275" 275 30503 21345 5505 3653
"276" 276 27866 19651 4548 3667
"277" 277 26758 16981 5146 4631
"278" 278 19052 13414 3091 2547
"279" 279 18490 12482 3330 2678
"280" 280 17535 11648 4004 1883
"281" 281 12878 8504 2496 1878
"282" 282 13094 8026 2948 2120
"283" 283 8094 5116 1806 1172
"284" 284 7032 4408 1648 976
"285" 285 6062 4146 1324 592
"286" 286 4034 2284 1064 686
"287" 287 3585 2024 1056 505
"288" 288 2646 1545 741 360
"289" 289 2351 1144 725 482
"290" 290 1898 1006 505 387
"291" 291 1739 871 535 333
"292" 292 2023 940 779 304
"293" 293 1777 882 563 332
"294" 294 1462 878 420 164
"295" 295 2051 1017 677 357
"296" 296 1993 1085 414 494
"297" 297 1891 903 615 373
"298" 298 2318 1314 676 328
"299" 299 2105 1126 567 412
"300" 300 1492 733 431 328
"301" 301 1927 1155 463 309
"302" 302 2239 1229 677 333
"303" 303 1872 998 485 389
"304" 304 2019 1100 488 431
"305" 305 3015 1695 725 595
"306" 306 3662 2084 994 584
"307" 307 3629 2000 1133 496
"308" 308 4161 2382 956 823
"309" 309 5264 2881 1183 1200
"310" 310 5195 3457 1003 735
"311" 311 6127 3633 1336 1158
"312" 312 3796 2451 858 487
"313" 313 6760 4037 1223 1500
"314" 314 8548 5399 1770 1379
"315" 315 8460 5772 1666 1022
"316" 316 11025 7027 2074 1924
"317" 317 12460 7951 2186 2323
"318" 318 13976 9057 2332 2587
"319" 319 15249 10366 3122 1761
"320" 320 14410 10702 2333 1375
"321" 321 18813 13485 3202 2126
"322" 322 18232 13197 2654 2381
"323" 323 19637 13927 3257 2453
"324" 324 25519 17566 3533 4420
"325" 325 26319 19096 4414 2809
"326" 326 24942 19094 3589 2259
"327" 327 26476 20459 3745 2272
"328" 328 29389 20994 4783 3612
"329" 329 32569 23401 5593 3575
"330" 330 30047 21982 5251 2814
"331" 331 37114 26522 6846 3746
"332" 332 32035 23758 5061 3216
"333" 333 32753 22977 6220 3556
"334" 334 19946 14439 3863 1644
"335" 335 13292 9298 2819 1175
"336" 336 12279 8180 3118 981
"337" 337 6507 3688 1953 866
"338" 338 5335 3197 1449 689
"339" 339 3757 2060 1188 509
"340" 340 4230 2258 1393 579
"341" 341 3482 1920 1010 552
"342" 342 2999 1577 867 555
"343" 343 2881 1486 847 548
"344" 344 2341 1076 879 386
"345" 345 2464 1183 816 465
"346" 346 3283 1768 923 592
"347" 347 2768 1249 1039 480
"348" 348 2450 1276 801 373
"349" 349 3110 1609 985 516
"350" 350 3473 1728 1154 591
"351" 351 4164 2071 1469 624
"352" 352 3592 2174 958 460
"353" 353 4606 2146 1384 1076
"354" 354 5022 2395 1441 1186
"355" 355 5677 3039 1421 1217
"356" 356 6023 3219 1547 1257
"357" 357 7677 4563 1791 1323
"358" 358 6602 4250 1389 963
"359" 359 8404 5437 1800 1167
"360" 360 11129 6816 2371 1942
"361" 361 12917 8418 2885 1614
"362" 362 13802 9288 3093 1421
"363" 363 14347 9550 3019 1778
"364" 364 8971 6190 1606 1175
"365" 365 13077 9341 2074 1662
"366" 366 20889 13433 4076 3380
"367" 367 25832 16951 4525 4356
"368" 368 26201 17450 5440 3311
"369" 369 27169 18618 5404 3147
"370" 370 28390 20450 4288 3652
"371" 371 32476 23412 5438 3626
"372" 372 38629 26921 7605 4103
"373" 373 42209 29247 7677 5285
"374" 374 41213 29196 7616 4401
"375" 375 43416 29573 7801 6042
"376" 376 38782 26865 6866 5051
"377" 377 38254 25315 6247 6692
"378" 378 40640 24875 7483 8282
"379" 379 41535 24931 7857 8747
"380" 380 40228 24288 8212 7728
"381" 381 39899 22797 8322 8780
"382" 382 27679 16507 5743 5429
"383" 383 29573 17458 6449 5666
"384" 384 23946 14136 4948 4862
"385" 385 19514 11838 4503 3173
"386" 386 19448 11344 4586 3518
"387" 387 13634 7611 3360 2663
"388" 388 9625 4872 2985 1768
"389" 389 8126 3736 2570 1820
"390" 390 6881 3681 2190 1010
"391" 391 5238 2898 1489 851
"392" 392 4360 1873 1416 1071
"393" 393 4281 1800 1597 884
"394" 394 3545 1548 1037 960
"395" 395 3236 1203 1215 818
"396" 396 3380 1451 1156 773
"397" 397 3001 1189 1088 724
"398" 398 3107 1174 1117 816
"399" 399 2976 1331 956 689
"400" 400 3982 1736 1209 1037
"401" 401 3300 1618 1032 650
"402" 402 2892 1361 861 670
"403" 403 3534 1727 1039 768
"404" 404 3206 1700 892 614
"405" 405 3868 2320 887 661
"406" 406 4857 2480 1144 1233
"407" 407 4177 1807 1323 1047
"408" 408 4830 2482 1022 1326
"409" 409 5740 2917 1500 1323
"410" 410 5791 3411 1313 1067
"411" 411 8219 4595 1878 1746
"412" 412 7641 4144 1957 1540
"413" 413 9305 5231 2821 1253
"414" 414 10070 5630 2204 2236
"415" 415 9873 5884 2229 1760
"416" 416 6927 4067 1416 1444
